1.126000000000000056e-01
3.304000000000000270e-01
3.844000000000000195e-01
3.983999999999999764e-01
4.128000000000000003e-01
4.365999999999999881e-01
4.536000000000000032e-01
4.663999999999999813e-01
4.742000000000000104e-01
4.858000000000000096e-01
4.949999999999999956e-01
5.038000000000000256e-01
5.135999999999999455e-01
5.198000000000000398e-01
5.220000000000000195e-01
5.298000000000000487e-01
5.390000000000000346e-01
5.422000000000000153e-01
5.452000000000000179e-01
5.507999999999999563e-01
5.555999999999999828e-01
5.585999999999999854e-01
5.624000000000000110e-01
5.667999999999999705e-01
5.722000000000000419e-01
5.752000000000000446e-01
5.774000000000000243e-01
5.789999999999999591e-01
5.822000000000000508e-01
5.847999999999999865e-01
5.852000000000000535e-01
5.877999999999999892e-01
5.904000000000000359e-01
5.939999999999999725e-01
5.974000000000000421e-01
5.991999999999999549e-01
5.987999999999999989e-01
6.006000000000000227e-01
6.021999999999999575e-01
6.041999999999999593e-01
6.054000000000000492e-01
6.058000000000000052e-01
6.071999999999999620e-01
6.106000000000000316e-01
6.151999999999999691e-01
6.111999999999999655e-01
6.141999999999999682e-01
6.151999999999999691e-01
6.148000000000000131e-01
6.171999999999999709e-01
6.168000000000000149e-01
6.193999999999999506e-01
6.198000000000000176e-01
6.208000000000000185e-01
6.206000000000000405e-01
6.260000000000000009e-01
6.270000000000000018e-01
6.270000000000000018e-01
6.260000000000000009e-01
6.271999999999999797e-01
6.268000000000000238e-01
6.256000000000000449e-01
6.313999999999999613e-01
6.318000000000000282e-01
6.318000000000000282e-01
6.368000000000000327e-01
6.346000000000000529e-01
6.353999999999999648e-01
6.375999999999999446e-01
6.356000000000000538e-01
6.370000000000000107e-01
6.393999999999999684e-01
6.425999999999999490e-01
6.431999999999999940e-01
6.418000000000000371e-01
6.428000000000000380e-01
6.448000000000000398e-01
6.435999999999999499e-01
6.455999999999999517e-01
6.453999999999999737e-01
6.490000000000000213e-01
6.480000000000000204e-01
6.493999999999999773e-01
6.491999999999999993e-01
6.503999999999999782e-01
6.491999999999999993e-01
6.510000000000000231e-01
6.502000000000000002e-01
6.530000000000000249e-01
6.530000000000000249e-01
6.518000000000000460e-01
6.563999999999999835e-01
6.560000000000000275e-01
6.552000000000000046e-01
6.542000000000000037e-01
6.560000000000000275e-01
6.550000000000000266e-01
6.563999999999999835e-01
6.570000000000000284e-01
6.572000000000000064e-01
6.612000000000000099e-01
6.623999999999999888e-01
6.635999999999999677e-01
6.603999999999999870e-01
6.603999999999999870e-01
6.620000000000000329e-01
6.603999999999999870e-01
6.600000000000000311e-01
6.575999999999999623e-01
6.613999999999999879e-01
6.643999999999999906e-01
6.657999999999999474e-01
6.675999999999999712e-01
6.687999999999999501e-01
6.675999999999999712e-01
6.685999999999999721e-01
6.677999999999999492e-01
6.652000000000000135e-01
6.660000000000000364e-01
6.700000000000000400e-01
6.673999999999999932e-01
6.707999999999999519e-01
6.713999999999999968e-01
6.707999999999999519e-01
6.723999999999999977e-01
6.710000000000000409e-01
6.702000000000000179e-01
6.715999999999999748e-01
6.715999999999999748e-01
6.735999999999999766e-01
6.692000000000000171e-01
6.742000000000000215e-01
6.765999999999999792e-01
6.767999999999999572e-01
6.772000000000000242e-01
6.760000000000000453e-01
6.772000000000000242e-01
6.772000000000000242e-01
6.787999999999999590e-01
6.780000000000000471e-01
6.805999999999999828e-01
6.784000000000000030e-01
6.820000000000000506e-01
6.822000000000000286e-01
6.822000000000000286e-01
6.815999999999999837e-01
6.834000000000000075e-01
6.822000000000000286e-01
6.827999999999999625e-01
6.830000000000000515e-01
6.857999999999999652e-01
6.837999999999999634e-01
6.825999999999999845e-01
6.885999999999999899e-01
6.882000000000000339e-01
6.865999999999999881e-01
6.882000000000000339e-01
6.914000000000000146e-01
6.894000000000000128e-01
6.875999999999999890e-01
6.850000000000000533e-01
6.902000000000000357e-01
6.875999999999999890e-01
6.935999999999999943e-01
6.939999999999999503e-01
6.947999999999999732e-01
6.922000000000000375e-01
6.935999999999999943e-01
6.949999999999999512e-01
6.909999999999999476e-01
6.885999999999999899e-01
6.895999999999999908e-01
6.942000000000000393e-01
6.917999999999999705e-01
6.962000000000000410e-01
6.979999999999999538e-01
6.989999999999999547e-01
6.964000000000000190e-01
6.994000000000000217e-01
6.979999999999999538e-01
6.952000000000000401e-01
6.932000000000000384e-01
6.957999999999999741e-01
6.957999999999999741e-01
6.979999999999999538e-01
7.024000000000000243e-01
7.027999999999999803e-01
6.992000000000000437e-01
7.006000000000000005e-01
7.037999999999999812e-01
7.016000000000000014e-01
6.985999999999999988e-01
6.994000000000000217e-01
7.012000000000000455e-01
6.999999999999999556e-01
7.046000000000000041e-01
7.039999999999999591e-01
7.029999999999999583e-01
7.037999999999999812e-01
7.009999999999999565e-01
7.046000000000000041e-01
7.036000000000000032e-01
7.026000000000000023e-01
6.999999999999999556e-01
7.049999999999999600e-01
7.034000000000000252e-01
7.084000000000000297e-01
7.084000000000000297e-01
7.067999999999999838e-01
7.077999999999999847e-01
7.097999999999999865e-01
7.077999999999999847e-01
7.076000000000000068e-01
7.049999999999999600e-01
7.049999999999999600e-01
7.074000000000000288e-01
7.084000000000000297e-01
7.109999999999999654e-01
7.054000000000000270e-01
7.102000000000000535e-01
7.117999999999999883e-01
7.104000000000000314e-01
7.087999999999999856e-01
7.087999999999999856e-01
7.104000000000000314e-01
7.112000000000000544e-01
7.094000000000000306e-01
7.139999999999999680e-01
7.136000000000000121e-01
7.137999999999999901e-01
7.159999999999999698e-01
7.146000000000000130e-01
7.129999999999999671e-01
7.109999999999999654e-01
7.107999999999999874e-01
7.124000000000000332e-01
7.139999999999999680e-01
7.119999999999999662e-01
7.166000000000000147e-01
7.151999999999999469e-01
7.129999999999999671e-01
7.177999999999999936e-01
7.159999999999999698e-01
7.122000000000000552e-01
7.149999999999999689e-01
7.154000000000000359e-01
7.127999999999999892e-01
7.156000000000000139e-01
7.161999999999999478e-01
7.177999999999999936e-01
7.176000000000000156e-01
7.201999999999999513e-01
7.211999999999999522e-01
7.164000000000000368e-01
7.164000000000000368e-01
7.179999999999999716e-01
7.171999999999999487e-01
7.187999999999999945e-01
7.179999999999999716e-01
7.204000000000000403e-01
7.189999999999999725e-01
7.209999999999999742e-01
7.221999999999999531e-01
7.216000000000000192e-01
7.197999999999999954e-01
7.189999999999999725e-01
7.214000000000000412e-01
7.196000000000000174e-01
7.206000000000000183e-01
7.216000000000000192e-01
7.236000000000000210e-01
7.229999999999999760e-01
7.239999999999999769e-01
7.234000000000000430e-01
7.236000000000000210e-01
7.237999999999999989e-01
7.207999999999999963e-01
7.201999999999999513e-01
7.197999999999999954e-01
7.226000000000000201e-01
7.227999999999999980e-01
7.236000000000000210e-01
7.261999999999999567e-01
7.244000000000000439e-01
7.217999999999999972e-01
7.204000000000000403e-01
7.237999999999999989e-01
7.231999999999999540e-01
7.239999999999999769e-01
7.244000000000000439e-01
7.269999999999999796e-01
7.266000000000000236e-01
7.278000000000000025e-01
7.261999999999999567e-01
7.274000000000000465e-01
7.246000000000000218e-01
7.239999999999999769e-01
7.249999999999999778e-01
7.254000000000000448e-01
7.236000000000000210e-01
7.259999999999999787e-01
7.244000000000000439e-01
7.271999999999999575e-01
7.294000000000000483e-01
7.274000000000000465e-01
7.284000000000000474e-01
7.254000000000000448e-01
7.249999999999999778e-01
7.241999999999999549e-01
7.278000000000000025e-01
7.271999999999999575e-01
7.259999999999999787e-01
7.274000000000000465e-01
7.271999999999999575e-01
7.299999999999999822e-01
7.301999999999999602e-01
7.286000000000000254e-01
7.237999999999999989e-01
7.294000000000000483e-01
7.286000000000000254e-01
7.264000000000000457e-01
7.299999999999999822e-01
7.274000000000000465e-01
7.326000000000000290e-01
7.286000000000000254e-01
7.304000000000000492e-01
7.321999999999999620e-01
7.274000000000000465e-01
7.258000000000000007e-01
7.296000000000000263e-01
7.268000000000000016e-01
7.261999999999999567e-01
7.281999999999999584e-01
7.294000000000000483e-01
7.336000000000000298e-01
7.338000000000000078e-01
7.328000000000000069e-01
7.316000000000000281e-01
7.286000000000000254e-01
7.321999999999999620e-01
7.318000000000000060e-01
7.319999999999999840e-01
7.301999999999999602e-01
7.319999999999999840e-01
7.339999999999999858e-01
7.314000000000000501e-01
7.356000000000000316e-01
7.351999999999999647e-01
7.301999999999999602e-01
7.284000000000000474e-01
7.319999999999999840e-01
7.319999999999999840e-01
7.298000000000000043e-01
7.329999999999999849e-01
7.349999999999999867e-01
7.341999999999999638e-01
7.311999999999999611e-01
7.346000000000000307e-01
7.358000000000000096e-01
7.318000000000000060e-01
7.319999999999999840e-01
7.329999999999999849e-01
7.349999999999999867e-01
7.318000000000000060e-01
7.349999999999999867e-01
7.334000000000000519e-01
7.348000000000000087e-01
7.366000000000000325e-01
7.356000000000000316e-01
7.339999999999999858e-01
7.336000000000000298e-01
7.334000000000000519e-01
7.324000000000000510e-01
7.339999999999999858e-01
7.344000000000000528e-01
7.348000000000000087e-01
7.359999999999999876e-01
7.346000000000000307e-01
7.341999999999999638e-01
7.374000000000000554e-01
7.361999999999999655e-01
7.319999999999999840e-01
7.324000000000000510e-01
7.368000000000000105e-01
7.346000000000000307e-01
7.334000000000000519e-01
7.356000000000000316e-01
7.374000000000000554e-01
7.371999999999999664e-01
7.354000000000000536e-01
7.364000000000000545e-01
7.338000000000000078e-01
7.349999999999999867e-01
7.329999999999999849e-01
7.354000000000000536e-01
7.326000000000000290e-01
7.364000000000000545e-01
7.371999999999999664e-01
7.371999999999999664e-01
7.364000000000000545e-01
7.356000000000000316e-01
7.383999999999999453e-01
7.344000000000000528e-01
7.339999999999999858e-01
7.326000000000000290e-01
7.378000000000000114e-01
7.348000000000000087e-01
7.376000000000000334e-01
7.374000000000000554e-01
7.369999999999999885e-01
7.393999999999999462e-01
7.389999999999999902e-01
7.371999999999999664e-01
7.366000000000000325e-01
7.378000000000000114e-01
7.366000000000000325e-01
7.359999999999999876e-01
7.356000000000000316e-01
7.346000000000000307e-01
7.388000000000000123e-01
7.348000000000000087e-01
7.378000000000000114e-01
7.388000000000000123e-01
7.378000000000000114e-01
7.356000000000000316e-01
7.354000000000000536e-01
7.379999999999999893e-01
7.376000000000000334e-01
7.396000000000000352e-01
7.401999999999999691e-01
7.409999999999999920e-01
7.366000000000000325e-01
7.381999999999999673e-01
7.421999999999999709e-01
7.413999999999999480e-01
7.364000000000000545e-01
7.359999999999999876e-01
7.389999999999999902e-01
7.358000000000000096e-01
7.379999999999999893e-01
7.396000000000000352e-01
7.399999999999999911e-01
7.399999999999999911e-01
7.431999999999999718e-01
7.416000000000000369e-01
7.383999999999999453e-01
7.403999999999999471e-01
7.378000000000000114e-01
7.369999999999999885e-01
7.383999999999999453e-01
7.409999999999999920e-01
7.448000000000000176e-01
7.408000000000000140e-01
7.409999999999999920e-01
7.458000000000000185e-01
7.411999999999999700e-01
7.383999999999999453e-01
7.408000000000000140e-01
7.399999999999999911e-01
7.369999999999999885e-01
7.403999999999999471e-01
7.416000000000000369e-01
7.413999999999999480e-01
7.396000000000000352e-01
7.408000000000000140e-01
7.446000000000000396e-01
7.431999999999999718e-01
7.416000000000000369e-01
7.376000000000000334e-01
7.401999999999999691e-01
7.364000000000000545e-01
7.403999999999999471e-01
7.418000000000000149e-01
7.408000000000000140e-01
7.421999999999999709e-01
7.426000000000000378e-01
7.408000000000000140e-01
7.409999999999999920e-01
7.426000000000000378e-01
7.368000000000000105e-01
7.391999999999999682e-01
7.389999999999999902e-01
7.411999999999999700e-01
7.419999999999999929e-01
7.369999999999999885e-01
7.426000000000000378e-01
7.459999999999999964e-01
7.393999999999999462e-01
7.391999999999999682e-01
7.429999999999999938e-01
7.419999999999999929e-01
7.371999999999999664e-01
7.403999999999999471e-01
7.409999999999999920e-01
7.436000000000000387e-01
7.399999999999999911e-01
7.398000000000000131e-01
7.471999999999999753e-01
7.419999999999999929e-01
7.439999999999999947e-01
7.419999999999999929e-01
7.451999999999999735e-01
7.381999999999999673e-01
7.406000000000000361e-01
7.413999999999999480e-01
7.406000000000000361e-01
7.398000000000000131e-01
7.451999999999999735e-01
7.436000000000000387e-01
7.413999999999999480e-01
7.443999999999999506e-01
7.411999999999999700e-01
7.436000000000000387e-01
7.409999999999999920e-01
7.399999999999999911e-01
7.438000000000000167e-01
7.413999999999999480e-01
7.449999999999999956e-01
7.461999999999999744e-01
7.446000000000000396e-01
7.409999999999999920e-01
7.438000000000000167e-01
7.428000000000000158e-01
7.421999999999999709e-01
7.411999999999999700e-01
7.409999999999999920e-01
7.451999999999999735e-01
7.428000000000000158e-01
7.461999999999999744e-01
7.463999999999999524e-01
7.453999999999999515e-01
7.436000000000000387e-01
7.409999999999999920e-01
7.449999999999999956e-01
7.388000000000000123e-01
7.421999999999999709e-01
7.459999999999999964e-01
7.426000000000000378e-01
7.428000000000000158e-01
7.466000000000000414e-01
7.463999999999999524e-01
7.451999999999999735e-01
7.439999999999999947e-01
7.456000000000000405e-01
7.419999999999999929e-01
7.393999999999999462e-01
7.409999999999999920e-01
7.448000000000000176e-01
7.456000000000000405e-01
7.419999999999999929e-01
7.458000000000000185e-01
7.443999999999999506e-01
7.446000000000000396e-01
7.449999999999999956e-01
7.429999999999999938e-01
7.429999999999999938e-01
7.431999999999999718e-01
7.431999999999999718e-01
7.419999999999999929e-01
7.451999999999999735e-01
7.468000000000000194e-01
7.449999999999999956e-01
7.451999999999999735e-01
7.438000000000000167e-01
7.419999999999999929e-01
7.436000000000000387e-01
7.443999999999999506e-01
7.428000000000000158e-01
7.451999999999999735e-01
7.451999999999999735e-01
7.461999999999999744e-01
7.469999999999999973e-01
7.491999999999999771e-01
7.453999999999999515e-01
7.453999999999999515e-01
7.453999999999999515e-01
7.461999999999999744e-01
7.419999999999999929e-01
7.446000000000000396e-01
7.466000000000000414e-01
7.476000000000000423e-01
7.473999999999999533e-01
7.469999999999999973e-01
7.453999999999999515e-01
7.411999999999999700e-01
7.469999999999999973e-01
7.461999999999999744e-01
7.473999999999999533e-01
7.451999999999999735e-01
7.453999999999999515e-01
7.473999999999999533e-01
7.473999999999999533e-01
7.478000000000000203e-01
7.466000000000000414e-01
7.463999999999999524e-01
7.456000000000000405e-01
